4294967294,131
4294967294,130
4294967294,129
4294967294,128
4294967294,127
4294967294,126
4294967294,125
4294967294,124
4294967294,123
4294967294,122
4294967294,121
4294967294,120
4294967294,119
4294967294,118
4294967294,117
4294967294,116
4294967294,115
4294967294,114
4294967294,113
4294967294,112
4294967294,111
4294967294,110
4294967294,109
4294967294,108
4294967294,107
4294967294,106
4294967294,105
4294967294,104
4294967294,103
4294967294,102
4294967294,101
4294967294,100
4294967294,99
4294967294,98
4294967294,97
4294967294,96
4294967294,95
4294967294,94
4294967294,93
4294967294,92
4294967294,91
4294967294,90
4294967294,89
4294967294,88
4294967294,87
4294967294,86
4294967294,85
4294967294,84
4294967294,83
4294967294,82
4294967294,81
4294967294,80
4294967294,79
4294967294,78
4294967294,77
4294967294,76
4294967294,75
4294967294,74
4294967294,73
4294967294,72
4294967294,71
4294967294,70
4294967294,69
4294967294,68
4294967294,67
4294967294,66
4294967294,65
4294967294,64
4294967294,63
4294967294,62
4294967294,61
4294967294,60
4294967294,59
4294967294,58
4294967294,57
4294967294,56
4294967294,55
4294967294,54
4294967294,53
4294967294,52
4294967294,51
4294967294,50
4294967294,49
4294967294,48
4294967294,47
4294967294,46
4294967294,45
4294967294,44
4294967294,43
4294967294,42
4294967294,41
4294967294,40
4294967294,39
4294967294,38
4294967294,37
4294967294,36
4294967294,35
4294967294,34
4294967294,33
4294967294,32
4294967294,31
4294967294,30
4294967294,29
4294967294,28
4294967294,27
4294967294,26
4294967294,25
4294967294,24
4294967294,23
4294967294,22
4294967294,21
4294967294,20
4294967294,19
4294967294,18
4294967294,17
4294967294,16
4294967294,15
4294967294,14
4294967294,13
4294967294,12
4294967294,11
4294967294,10
4294967294,9
4294967294,8
4294967294,7
4294967294,6
4294967294,5
4294967294,4
4294967294,3
4294967294,2
4294967294,0
710,0
709,0
708,0
707,0
706,0
705,0
704,0
703,0
702,0
701,0
700,0
699,0
698,0
697,0
696,0
695,0
694,0
693,0
692,0
691,0
690,0
689,0
688,0
687,0
686,0
685,0
684,0
683,0
682,0
681,0
680,0
679,0
678,0
677,0
676,0
675,0
674,0
673,0
672,0
671,0
670,0
669,0
668,0
667,0
666,0
665,0
664,0
663,0
662,0
661,0
660,0
659,0
658,0
657,0
656,0
655,0
654,0
653,0
652,0
651,0
650,0
649,0
648,0
647,0
646,0
645,0
644,0
643,0
642,0
641,0
640,0
639,0
638,0
637,0
636,0
635,0
634,0
633,0
632,0
631,0
630,0
629,0
628,0
627,0
626,0
625,0
624,0
623,0
622,0
621,0
620,0
619,0
618,0
617,0
616,0
615,0
614,0
613,0
612,0
611,0
610,0
609,0
608,0
607,0
606,0
605,0
604,0
603,0
602,0
601,0
600,0
599,0
0,308
0,304
0,303
0,547
0,12
0,538
0,10
0,8
0,0
0,389
0,440
0,300
0,524
0,439
0,299
0,625
0,438
0,298
0,608
0,437
0,297
0,624
0,436
0,296
0,623
0,435
0,295
0,539
0,434
0,294
0,580
0,432
0,293
0,581
0,431
0,292
0,622
0,430
0,291
0,467
0,429
0,290
0,629
0,428
0,289
0,450
0,579
0,427
0,288
0,478
0,426
0,287
0,425
0,286
0,617
0,424
0,285
0,585
0,423
0,284
0,517
0,422
0,283
0,472
0,421
0,282
0,563
0,420
0,281
0,596
0,419
0,280
0,573
0,418
0,279
0,533
0,417
0,278
0,470
0,416
0,277
0,592
0,415
0,276
0,562
0,414
0,275
0,607
0,413
0,274
0,583
0,412
0,273
0,514
0,411
0,272
0,594
0,506
0,409
0,271
0,512
0,408
0,270
0,477
0,407
0,269
0,595
0,406
0,268
0,531
0,405
0,267
0,447
0,404
0,266
0,604
0,403
0,265
0,603
0,402
0,264
0,401
0,263
0,530
0,400
0,262
0,532
0,557
0,399
0,261
0,602
0,398
0,260
0,495
0,397
0,259
0,601
0,396
0,258
0,615
0,395
0,257
0,600
0,394
0,256
0,586
0,393
0,255
0,631
0,392
0,254
0,499
0,391
0,253
0,618
0,390
0,252
0,621
0,387
0,251
0,638
0,386
0,250
0,488
0,385
0,249
0,614
0,384
0,248
0,529
0,383
0,247
0,537
0,382
0,246
0,522
0,381
0,245
0,628
0,380
0,244
0,527
0,379
0,242
0,630
0,378
0,241
0,486
0,377
0,240
0,587
0,376
711,0
712,0
714,0
715,0
717,0
718,0
720,0
722,0
723,0
725,0
726,0
728,0
730,0
731,0
733,0
734,0
736,0
737,0
739,0
741,0
742,0
744,0
745,0
747,0
749,0
750,0
752,0
0,509
0,516
0,518
0,520
0,523
0,536
0,540
0,542
0,546
0,548
0,559
0,567
0,639
2,2
2,4
2,6
2,7
2,9
2,10
2,12
3,2
3,3
599,2
599,3
599,5
600,2
600,3
601,2
601,3
602,2
603,1
603,2
604,1
604,2
604,4
604,5
605,1
605,3
606,1
606,3
607,1
607,3
608,2
608,3
609,2
609,3
610,2
610,3
611,2
612,1
612,2
613,1
613,2
614,1
614,3
614,4
614,6
614,7
615,2
615,3
615,5
616,2
616,3
617,2
617,3
618,2
619,1
619,2
620,1
620,2
620,4
620,5
621,2
622,1
622,2
623,1
623,2
624,1
624,3
625,1
625,3
625,4
625,6
626,2
626,3
626,5
626,6
627,1
627,2
628,1
628,3
628,4
628,6
628,7
628,9
628,11
628,12
628,14
628,15
628,17
628,18
628,20
628,22
628,23
628,25
628,26
628,28
629,1
629,2
629,4
630,1
630,3
631,1
631,3
632,2
632,3
633,2
633,3
634,2
635,1
635,2
636,1
636,2
637,1
637,3
638,1
638,3
639,1
639,3
640,1
640,3
641,2
641,3
642,2
642,3
643,2
644,1
644,2
645,1
645,2
646,1
646,2
647,1
647,3
647,4
647,6
647,7
647,9
647,11
647,12
647,14
647,15
647,17
647,18
647,20
647,22
647,23
647,25
647,26
647,28
647,30
647,31
647,33
647,34
647,64
647,66
647,67
647,69
647,70
647,72
647,73
647,75
647,77
647,78
647,80
647,81
647,83
647,85
647,86
647,88
647,89
647,91
647,92
647,94
647,96
647,97
647,99
647,100
647,102
647,104
647,105
647,107
647,108
647,110
647,111
647,113
647,115
647,116
647,118
647,119
647,121
647,123
647,124
647,126
647,127
647,129
647,130
647,132
647,134
647,135
647,137
647,138
647,140
647,142
647,143
647,145
647,146
647,148
647,150
647,151
647,153
647,154
647,156
647,157
647,159
647,161
647,162
647,164
647,165
647,167
647,169
647,170
647,172
647,173
647,175
647,176
647,178
647,180
647,181
647,183
647,184
647,186
647,188
647,189
647,191
647,192
647,194
647,195
647,197
647,199
647,200
647,202
647,203
647,205
647,207
647,208
647,210
647,211
647,213
647,215
647,216
647,218
647,219
647,221
647,222
647,224
647,226
647,227
647,229
647,230
647,232
647,234
647,235
647,237
647,238
647,240
647,241
647,243
647,245
647,246
647,248
647,249
647,251
647,253
647,254
647,256
647,257
647,259
647,260
647,262
647,264
647,265
647,267
647,268
647,270
647,272
647,273
647,275
647,276
647,278
647,279
647,281
647,283
647,284
647,286
647,287
647,289
647,291
647,292
647,294
647,295
647,297
647,299
647,300
647,302
647,303
647,305
647,306
647,308
647,310
647,311
647,313
647,314
647,316
647,318
647,319
647,321
647,322
647,324
647,325
647,327
647,329
647,330
647,332
647,333
647,335
647,337
647,338
647,340
647,341
647,343
647,344
647,346
647,348
647,349
647,351
647,352
647,354
647,356
647,357
647,359
647,360
647,362
647,364
647,365
647,385
647,386
647,388
647,389
647,391
647,393
647,394
647,396
647,397
647,399
647,401
647,402
647,404
647,405
647,407
647,408
647,410
647,412
647,413
647,415
647,416
647,418
647,420
647,421
647,423
647,424
647,426
647,427
647,429
647,431
647,432
647,434
647,435
647,448
647,450
647,451
647,453
647,454
647,456
647,457
647,459
647,461
647,462
647,464
647,465
647,467
647,469
647,470
647,472
647,473
647,475
647,477
647,478
647,480
647,481
647,483
647,484
647,486
647,488
647,489
647,491
647,492
647,494
647,496
647,497
647,499
647,500
647,502
647,503
647,505
647,507
647,508
647,510
647,511
647,513
647,515
647,516
647,518
647,519
647,521
647,522
647,524
647,526
647,527
647,529
647,530
647,532
647,534
647,535
647,537
647,538
647,540
647,542
647,543
647,545
647,546
647,548
647,549
647,551
647,553
647,554
647,556
647,557
647,559
647,561
647,562
647,564
647,565
647,567
647,568
647,570
647,572
647,573
647,575
647,576
647,578
647,580
647,581
647,583
647,584
647,586
647,587
647,589
647,591
647,592
647,594
647,595
647,597
647,599
647,600
647,602
648,1
648,3
649,1
649,2
649,4
650,1
650,3
650,4
651,2
651,4
652,1
652,3
652,4
653,2
653,4
654,1
654,3
654,4
655,1
655,2
655,4
656,2
656,3
657,2
657,3
657,5
658,2
658,3
658,5
659,1
659,3
660,1
660,3
661,1
661,2
661,4
662,1
662,3
663,1
663,2
663,4
664,1
664,3
664,4
665,2
665,4
665,5
666,2
666,3
666,5
667,2
667,3
668,1
668,2
668,4
668,6
669,1
669,3
669,4
669,6
670,1
670,3
671,2
671,3
672,1
672,2
672,4
673,1
673,2
673,4
674,1
674,3
674,4
675,2
675,4
676,1
676,3
676,4
677,2
677,4
678,1
678,3
678,4
679,2
679,3
680,1
680,3
681,1
681,3
681,4
682,1
682,3
682,4
683,2
683,3
684,1
684,3
685,1
685,3
685,4
686,2
686,3
687,1
687,3
687,4
688,2
688,3
688,5
689,2
689,3
689,5
689,6
690,1
690,2
691,1
691,3
692,1
692,3
692,4
692,6
692,8
693,1
693,3
693,4
693,6
694,1
694,3
695,1
695,2
695,4
696,1
696,3
697,1
697,2
697,4
697,5
698,2
698,3
698,5
699,2
699,3
699,5
700,1
700,3
700,5
701,1
701,3
701,4
702,2
702,4
703,1
703,3
703,4
703,6
704,1
704,3
705,1
705,2
705,4
706,1
706,3
706,5
706,6
707,2
707,3
707,5
707,6
708,1
708,3
709,1
709,3
710,1
710,3
711,2
711,3
712,2
712,3
713,2
713,3
714,2
714,4
714,5
714,7
715,1
715,3
716,1
716,2
716,4
717,1
717,3
718,1
718,2
719,1
719,2
719,4
719,5
720,2
720,4
720,5
720,7
720,8
720,10
721,1
721,2
721,4
721,5
722,1
722,2
722,4
723,2
723,3
724,2
724,3
725,1
725,3
726,1
726,3
726,4
726,6
727,1
727,3
728,1
728,2
729,1
729,2
729,4
730,2
730,3
731,1
731,2
732,1
732,2
732,4
733,2
733,3
733,5
734,1
734,3
735,2
735,3
736,1
736,2
736,4
736,6
736,7
737,1
737,2
737,4
737,5
737,7
738,2
738,3
739,2
739,3
739,5
740,2
740,3
741,1
741,2
741,4
742,1
742,3
742,5
743,1
743,3
744,1
744,3
745,1
745,2
746,1
746,2
746,4
746,5
746,7
747,2
747,3
747,5
748,1
748,3
749,1
749,2
749,4
750,1
750,3
751,2
751,3
752,2
752,3
753,1
753,2
753,4
754,2
754,3
755,2
755,3
755,5
756,1
756,2
756,4
757,1
757,3
757,4
757,6
757,8
757,9
757,11
757,12
757,14
757,16
757,17
757,19
757,20
757,22
757,23
757,25
757,27
757,28
757,30
757,31
757,33
757,35
757,36
757,38
769,1
769,3
770,2
770,3
771,2
771,3
772,2
772,3
772,1
771,1
770,1
769,2
757,37
757,34
757,32
757,29
757,26
757,24
757,21
757,18
757,15
757,13
757,10
757,7
757,5
757,2
756,3
755,6
755,4
755,1
754,1
753,3
752,4
752,1
751,1
750,2
749,3
748,4
748,2
747,4
747,1
746,6
746,3
745,3
744,4
744,2
743,2
742,4
742,2
741,3
740,4
740,1
739,4
739,1
738,1
737,6
737,3
736,8
736,5
736,3
735,4
735,1
734,2
733,4
733,1
732,3
731,3
730,4
730,1
729,3
728,3
727,4
727,2
726,5
726,2
725,2
724,4
724,1
723,1
722,3
721,6
721,3
720,11
720,9
720,6
720,3
720,1
719,3
718,3
717,4
717,2
716,3
715,4
715,2
714,6
714,3
714,1
713,1
712,1
711,1
710,2
709,2
708,2
707,7
707,4
707,1
706,4
706,2
705,3
704,4
704,2
703,5
703,2
702,3
702,1
701,2
700,4
700,2
699,4
699,1
698,4
698,1
697,3
696,4
696,2
695,3
694,4
694,2
693,5
693,2
692,7
692,5
692,2
691,2
690,3
689,7
689,4
689,1
688,4
688,1
687,2
686,4
686,1
685,2
684,2
683,4
683,1
682,2
681,5
681,2
680,2
679,4
679,1
678,2
677,3
677,1
676,2
675,3
675,1
674,2
673,3
672,5
672,3
671,4
671,1
670,2
669,5
669,2
668,5
668,3
667,4
667,1
666,4
666,1
665,3
665,1
664,2
663,3
662,4
662,2
661,3
660,4
660,2
659,2
658,4
658,1
657,4
657,1
656,1
655,3
654,5
654,2
653,3
653,1
652,2
651,3
651,1
650,2
649,3
648,4
648,2
647,601
647,598
647,596
647,593
647,590
647,588
647,585
647,582
647,579
647,577
647,574
647,571
647,569
647,566
647,563
647,560
647,558
647,555
647,552
647,550
647,547
647,544
647,541
647,539
647,536
647,533
647,531
647,528
647,525
647,523
647,520
647,517
647,514
647,512
647,509
647,506
647,504
647,501
647,498
647,495
647,493
647,490
647,487
647,485
647,482
647,479
647,476
647,474
647,471
647,468
647,466
647,463
647,460
647,458
647,455
647,452
647,449
647,436
647,433
647,430
647,428
647,425
647,422
647,419
647,417
647,414
647,411
647,409
647,406
647,403
647,400
647,398
647,395
647,392
647,390
647,387
647,384
647,363
647,361
647,358
647,355
647,353
647,350
647,347
647,345
647,342
647,339
647,336
647,334
647,331
647,328
647,326
647,323
647,320
647,317
647,315
647,312
647,309
647,307
647,304
647,301
647,298
647,296
647,293
647,290
647,288
647,285
647,282
647,280
647,277
647,274
647,271
647,269
647,266
647,263
647,261
647,258
647,255
647,252
647,250
647,247
647,244
647,242
647,239
647,236
647,233
647,231
647,228
647,225
647,223
647,220
647,217
647,214
647,212
647,209
647,206
647,204
647,201
647,198
647,196
647,193
647,190
647,187
647,185
647,182
647,179
647,177
647,174
647,171
647,168
647,166
647,163
647,160
647,158
647,155
647,152
647,149
647,147
647,144
647,141
647,139
647,136
647,133
647,131
647,128
647,125
647,122
647,120
647,117
647,114
647,112
647,109
647,106
647,103
647,101
647,98
647,95
647,93
647,90
647,87
647,84
647,82
647,79
647,76
647,74
647,71
647,68
647,65
647,35
647,32
647,29
647,27
647,24
647,21
647,19
647,16
647,13
647,10
647,8
647,5
647,2
646,3
645,3
644,3
643,3
643,1
642,1
641,1
640,2
639,2
638,2
637,2
636,3
635,3
634,3
634,1
633,1
632,1
631,2
630,2
629,3
628,29
628,27
628,24
628,21
628,19
628,16
628,13
628,10
628,8
628,5
628,2
627,3
626,7
626,4
626,1
625,5
625,2
624,2
623,3
622,3
621,3
621,1
620,3
619,3
618,3
618,1
617,1
616,1
615,4
615,1
614,5
614,2
613,3
612,3
611,3
611,1
610,1
609,1
608,1
607,2
606,2
605,2
604,6
604,3
603,3
602,3
602,1
601,1
600,1
599,4
599,1
3,1
2,11
2,8
2,5
1,2
0,637
0,556
0,543
0,541
0,535
0,519
0,513
0,508
0,507
0,505
0,504
0,503
0,502
0,501
0,500
0,498
0,496
0,493
0,492
0,491
0,490
0,489
0,487
0,485
0,484
0,483
0,479
0,475
0,474
0,473
0,471
0,469
0,468
0,466
0,465
0,464
0,463
0,462
0,461
0,459
0,458
0,457
0,456
0,454
0,453
0,452
0,451
0,449
0,448
0,446
0,445
0,444
0,443
0,442
0,441
0,433
0,410
0,388
0,322
0,310
0,307
0,305
0,302
0,243
2,1
1,1
2,13
1,3
2,3
0,9
753,0
755,0
756,0
772,0
769,0
771,0
2,0
1,0
0,549
0,545
3,0
770,0
757,0
754,0
751,0
748,0
746,0
743,0
740,0
738,0
735,0
732,0
729,0
727,0
724,0
721,0
719,0
716,0
713,0
0,239
0,613
0,375
0,238
0,569
0,374
0,237
0,552
0,373
0,236
0,578
0,372
0,235
0,599
0,371
0,234
0,370
0,233
0,482
0,369
0,232
0,593
0,368
0,231
0,568
0,367
0,230
0,572
0,366
0,229
0,455
0,365
0,228
0,591
0,364
0,227
0,576
0,363
0,226
0,497
0,362
0,225
0,555
0,361
0,224
0,627
0,360
0,223
0,481
0,359
0,222
0,590
0,358
0,221
0,521
0,357
0,220
0,612
0,356
0,219
0,584
0,355
0,218
0,534
0,354
0,217
0,589
0,353
0,216
0,511
0,352
0,215
0,561
0,351
0,214
0,634
0,350
0,213
0,588
0,349
0,212
0,611
0,348
0,211
0,554
0,347
0,210
0,610
0,346
0,209
0,460
0,345
0,208
0,619
0,344
0,207
0,626
0,343
0,206
0,606
0,342
0,205
0,494
0,341
0,204
0,635
0,340
0,203
0,620
0,339
0,202
0,551
0,338
0,201
0,571
0,337
0,200
0,577
0,336
0,199
0,605
0,335
0,198
0,526
0,334
0,197
0,564
0,333
0,196
0,566
0,332
0,195
0,582
0,331
0,194
0,633
0,330
0,193
0,525
0,329
0,192
0,575
0,328
0,63
0,570
0,327
0,62
0,326
0,61
0,550
0,325
0,60
0,560
0,324
0,59
0,323
0,58
0,598
0,321
0,57
0,632
0,320
0,56
0,510
0,319
0,55
0,553
0,318
0,54
0,616
0,317
0,53
0,636
0,316
0,52
0,515
0,315
0,51
0,565
0,314
0,50
0,480
0,313
0,49
0,574
0,312
0,48
0,476
0,558
0,311
0,47
0,609
0,309
0,46
0,528
0,306
0,45
0,597
0,301
0,6
0,5
0,1
0,544
0,11
0,4
0,2
0,3
0,7
