4294967294,131
4294967294,130
4294967294,129
4294967294,128
4294967294,127
4294967294,126
4294967294,125
4294967294,124
4294967294,123
4294967294,122
4294967294,121
4294967294,120
4294967294,119
4294967294,118
4294967294,117
4294967294,116
4294967294,115
4294967294,114
4294967294,113
4294967294,112
4294967294,111
4294967294,110
4294967294,109
4294967294,108
4294967294,107
4294967294,106
4294967294,105
4294967294,104
4294967294,103
4294967294,102
4294967294,101
4294967294,100
4294967294,99
4294967294,98
4294967294,97
4294967294,96
4294967294,95
4294967294,94
4294967294,93
4294967294,92
4294967294,91
4294967294,90
4294967294,89
4294967294,88
4294967294,87
4294967294,86
4294967294,85
4294967294,84
4294967294,83
4294967294,82
4294967294,81
4294967294,80
4294967294,79
4294967294,78
4294967294,77
4294967294,76
4294967294,75
4294967294,74
4294967294,73
4294967294,72
4294967294,71
4294967294,70
4294967294,69
4294967294,68
4294967294,67
4294967294,66
4294967294,65
4294967294,64
4294967294,63
4294967294,62
4294967294,61
4294967294,60
4294967294,59
4294967294,58
4294967294,57
4294967294,56
4294967294,55
4294967294,54
4294967294,53
4294967294,52
4294967294,51
4294967294,50
4294967294,49
4294967294,48
4294967294,47
4294967294,46
4294967294,45
4294967294,44
4294967294,43
4294967294,42
4294967294,41
4294967294,40
4294967294,39
4294967294,38
4294967294,37
4294967294,36
4294967294,35
4294967294,34
4294967294,33
4294967294,32
4294967294,31
4294967294,30
4294967294,29
4294967294,28
4294967294,27
4294967294,26
4294967294,25
4294967294,24
4294967294,23
4294967294,22
4294967294,21
4294967294,20
4294967294,19
4294967294,18
4294967294,17
4294967294,16
4294967294,15
4294967294,14
4294967294,13
4294967294,12
4294967294,11
4294967294,10
4294967294,9
4294967294,8
4294967294,7
4294967294,6
4294967294,5
4294967294,4
4294967294,3
4294967294,2
4294967294,0
1,0
2,0
3,0
59,0
165,0
164,0
163,0
162,0
161,0
160,0
159,0
158,0
157,0
156,0
155,0
154,0
153,0
152,0
151,0
150,0
149,0
148,0
147,0
146,0
145,0
144,0
166,0
143,0
142,0
141,0
140,0
139,0
138,0
137,0
136,0
135,0
134,0
133,0
132,0
131,0
130,0
129,0
128,0
127,0
126,0
17,0
123,0
122,0
125,0
124,0
121,0
116,0
115,0
114,0
113,0
120,0
119,0
118,0
117,0
0,308
0,304
0,303
0,12
0,445
0,10
0,8
0,0
0,486
0,395
0,300
0,396
0,393
0,299
0,550
0,463
0,298
0,494
0,392
0,297
0,464
0,391
0,296
0,534
0,390
0,295
0,571
0,521
0,294
0,485
0,477
0,293
0,545
0,387
0,292
0,351
0,459
0,291
0,514
0,386
0,290
0,566
0,385
0,289
0,552
0,384
0,288
0,456
0,519
0,287
0,484
0,538
0,286
0,428
0,381
0,285
0,331
0,455
0,284
0,406
0,380
0,283
0,371
0,379
0,282
0,536
0,378
0,281
0,475
0,377
0,280
0,537
0,350
0,279
0,332
0,376
0,278
0,423
0,375
0,277
0,506
0,374
0,276
0,549
0,320
0,275
0,548
0,543
0,274
0,397
0,483
0,273
0,558
0,472
0,272
0,388
0,370
0,271
0,562
0,369
0,270
0,510
0,368
0,269
0,451
0,505
0,268
0,450
0,512
0,267
0,516
0,365
0,266
0,482
0,443
0,265
0,373
0,364
0,264
0,461
0,363
0,263
0,531
0,362
0,262
0,313
0,449
0,261
0,573
0,565
0,260
0,504
0,359
0,259
0,513
0,446
0,258
0,366
0,358
0,257
0,526
0,357
0,256
0,356
0,255
0,468
0,355
0,254
0,478
0,525
0,253
0,492
0,354
0,252
0,488
0,353
0,251
0,546
0,352
0,250
0,441
0,321
0,249
0,440
0,522
0,248
0,575
0,349
0,247
0,476
0,480
0,246
0,462
0,348
0,245
0,515
0,347
0,244
0,518
0,346
0,242
0,437
0,447
0,241
0,436
0,503
59,4
59,5
113,1
113,2
114,1
114,3
114,4
114,6
114,7
115,2
115,3
116,2
117,1
117,2
117,4
117,5
118,1
118,3
119,1
119,3
120,1
120,3
121,2
121,3
122,2
122,3
123,2
123,3
124,2
125,1
125,2
126,1
126,2
127,1
127,3
127,4
127,6
127,7
128,2
128,3
128,5
129,2
129,3
130,2
130,3
131,2
132,1
132,2
133,1
133,2
133,4
133,5
134,2
135,1
135,2
136,1
136,2
137,1
137,3
138,1
138,3
138,4
138,6
139,1
139,3
139,5
139,6
140,1
140,2
141,1
141,3
141,4
141,6
141,7
141,9
141,11
141,12
141,14
141,15
141,17
141,18
141,20
141,22
141,23
141,25
141,26
141,28
141,30
142,1
142,3
143,1
143,3
144,1
144,3
145,1
145,2
146,1
146,2
147,1
147,3
148,1
148,3
149,1
149,3
150,1
150,3
151,2
151,3
152,2
152,3
153,2
154,1
154,2
155,1
155,2
156,1
156,3
157,1
157,3
158,1
158,3
159,1
159,3
160,2
160,3
161,2
161,3
162,2
162,4
163,1
163,3
163,4
163,6
164,1
164,3
165,1
165,2
166,1
166,2
166,3
165,3
164,4
164,2
163,5
163,2
162,3
162,1
161,1
160,1
159,2
158,2
157,2
156,2
155,3
154,3
153,3
153,1
152,1
151,1
150,2
149,2
148,2
147,2
146,3
145,3
144,4
144,2
143,2
142,2
141,29
141,27
141,24
141,21
141,19
141,16
141,13
141,10
141,8
141,5
141,2
140,3
139,7
139,4
139,2
138,5
138,2
137,2
136,3
135,3
134,3
134,1
133,3
132,3
131,3
131,1
130,1
129,1
128,4
128,1
127,5
127,2
126,3
125,3
124,3
124,1
123,1
122,1
121,1
120,2
119,2
118,2
117,6
117,3
116,3
116,1
115,1
114,5
114,2
113,3
59,6
59,3
59,2
59,1
17,3
17,2
17,1
3,3
3,2
3,1
2,8
2,7
2,6
2,5
2,4
2,3
2,2
2,1
1,3
1,2
1,1
0,574
0,570
0,511
0,508
0,502
0,501
0,499
0,498
0,497
0,496
0,427
0,409
0,407
0,383
0,367
0,322
0,310
0,307
0,305
0,302
0,243
0,9
0,240
0,547
0,343
0,239
0,474
0,394
0,238
0,465
0,342
0,237
0,533
0,341
0,236
0,489
0,340
0,235
0,520
0,339
0,234
0,564
0,433
0,233
0,424
0,338
0,232
0,563
0,337
0,231
0,414
0,336
0,230
0,460
0,335
0,229
0,454
0,334
0,228
0,551
0,333
0,227
0,430
0,458
0,226
0,429
0,389
0,225
0,448
0,330
0,224
0,553
0,420
0,223
0,457
0,329
0,222
0,561
0,328
0,221
0,327
0,220
0,507
0,326
0,219
0,528
0,481
0,218
0,479
0,325
0,217
0,542
0,324
0,216
0,555
0,323
0,215
0,426
0,532
0,214
0,425
0,535
0,213
0,444
0,319
0,212
0,500
0,452
0,211
0,560
0,318
0,210
0,419
0,317
0,209
0,316
0,208
0,382
0,422
0,207
0,493
0,421
0,206
0,567
0,540
0,205
0,544
0,453
0,204
0,559
0,418
0,203
0,344
0,495
0,202
0,556
0,417
0,201
0,539
0,416
0,200
0,509
0,415
0,199
0,524
0,554
0,198
0,523
0,360
0,197
0,517
0,412
0,196
0,569
0,568
0,195
0,411
0,194
0,473
0,410
0,193
0,442
0,408
0,192
0,471
0,372
0,63
0,491
0,431
0,62
0,413
0,405
0,61
0,438
0,470
0,60
0,530
0,404
0,59
0,490
0,403
0,58
0,439
0,402
0,57
0,557
0,401
0,56
0,361
0,469
0,55
0,487
0,400
0,54
0,432
0,399
0,53
0,527
0,398
0,52
0,572
0,315
0,51
0,435
0,314
0,50
0,466
0,49
0,345
0,312
0,48
0,434
0,311
0,47
0,541
0,309
0,46
0,467
0,306
0,45
0,529
0,301
0,6
0,5
0,1
0,11
0,4
0,2
0,3
0,7
